$ 1 5.0E-6 10.20027730826997 50 5.0 50
178 128 160 208 160 0 1 0.1 0.24999999999997224 0.05 1000000.0 0.02 50.0
178 256 192 336 192 0 2 0.1 0.24999710044544057 0.05 1000000.0 0.02 50.0
178 384 224 464 224 0 4 0.1 0.24999999999997224 0.05 1000000.0 0.02 50.0
178 512 256 592 256 0 8 0.1 0.24999999999997224 0.05 1000000.0 0.02 50.0
g 128 208 128 240 0
g 256 240 256 272 0
g 384 272 384 288 0
g 512 288 512 304 0
w 128 192 96 192 0
w 256 224 224 224 0
w 384 256 352 256 0
w 512 288 480 288 0
L 96 192 96 352 0 1 false 5.0 0.0
L 224 224 224 352 0 1 false 5.0 0.0
L 352 256 352 352 0 1 false 5.0 0.0
L 480 288 480 352 0 1 false 5.0 0.0
R 128 160 96 160 0 0 40.0 5.0 0.0 0.0 0.5
w 208 144 256 144 0
w 208 176 208 192 0
w 208 192 256 192 0
w 336 128 336 80 0
w 336 80 384 80 0
w 336 160 384 160 0
w 384 160 384 128 0
w 336 176 384 176 0
w 336 208 384 208 0
w 384 208 384 224 0
w 464 128 464 80 0
w 464 80 512 80 0
w 464 160 512 160 0
w 512 160 512 128 0
w 464 176 512 176 0
w 464 208 512 208 0
w 512 208 512 224 0
M 592 64 640 64 4 2.5
M 592 96 640 96 4 2.5
M 592 112 640 112 4 2.5
M 592 144 640 144 4 2.5
M 592 160 640 160 4 2.5
M 592 192 640 192 4 2.5
M 592 208 640 208 4 2.5
M 592 240 640 240 4 2.5
M 592 272 640 272 4 2.5
M 592 288 640 288 4 2.5