
You are a **RAG-based Circuit Simulator** built using Falstad circuit text files.

Below are the top retrieved results from the RAG system, with the first entry having the highest priority:

Index: 65 | Circuit Name: counter
Circuit text:
$ 1 5.0E-6 10 50 5.0
156 80 224 128 224 0 0.0
156 208 224 240 224 0 0.0
156 336 224 368 224 0 0.0
156 464 224 480 224 0 0.0
w 176 224 176 256 0
w 176 256 208 256 0
w 304 224 304 256 0
w 304 256 336 256 0
w 432 224 432 256 0
w 432 256 464 256 0
w 464 224 448 224 0
w 448 224 448 288 0
w 448 288 464 288 0
w 448 288 448 336 0
w 448 336 320 336 0
w 320 336 320 288 0
w 320 288 336 288 0
w 320 288 320 224 0
w 320 224 336 224 0
w 208 224 192 224 0
w 192 224 192 288 0
w 192 288 208 288 0
w 192 288 192 336 0
w 192 336 320 336 0
w 80 224 64 224 0
w 64 224 64 288 0
w 64 288 80 288 0
w 64 288 64 336 0
w 64 336 192 336 0
R 80 256 32 256 1 2 200.0 2.5 2.5
R 64 336 32 336 0 0 40.0 5.0 0.0
w 560 224 560 64 0
w 432 224 432 96 0
w 304 224 304 128 0
w 176 224 176 160 0
M 560 64 592 64 2
M 432 96 592 96 2
M 304 128 592 128 2
M 176 160 592 160 2
o 35 64 0 6 5.0 9.765625E-5 0
o 36 64 0 6 5.0 9.765625E-5 0
o 37 64 0 6 5.0 9.765625E-5 0
o 38 64 0 6 5.0 9.765625E-5 0


Index: 136 | Circuit Name: johnsonctr
Circuit text:
$ 3 5.0E-6 10.391409633455755 50 5.0 50
155 88 360 104 360 1 5.0
155 168 360 184 360 1 5.0
155 248 360 256 360 1 5.0
155 328 360 344 360 1 5.0
155 408 360 424 360 1 5.0
w 456 392 456 416 0
w 456 416 64 416 0
w 64 416 64 360 0
w 64 360 88 360 0
w 88 376 80 376 0
w 80 376 80 440 0
w 168 376 160 376 0
w 160 376 160 440 0
w 248 376 240 376 0
w 240 376 240 440 0
w 328 376 320 376 0
w 320 376 320 440 0
w 408 376 400 376 0
w 400 376 400 440 0
w 80 440 160 440 0
w 160 440 240 440 0
w 240 440 320 440 0
w 320 440 400 440 0
R 80 440 24 440 1 2 300.0 2.5 2.5 0.0 0.5
150 128 312 128 256 1 2 5.0
150 168 312 168 256 1 2 0.0
150 208 312 208 256 1 2 0.0
150 248 312 248 256 1 2 0.0
150 288 312 288 256 1 2 0.0
150 328 312 328 256 1 2 0.0
150 368 312 368 256 1 2 0.0
150 408 312 408 256 1 2 0.0
150 448 312 448 256 1 2 0.0
150 88 312 88 256 1 2 0.0
w 64 360 64 312 0
w 64 312 80 312 0
w 136 392 136 344 0
w 136 344 96 344 0
w 96 344 96 312 0
w 120 312 120 320 0
w 120 320 456 320 0
w 456 320 456 312 0
w 136 312 160 312 0
w 160 312 160 360 0
w 160 360 168 360 0
w 456 320 456 360 0
w 216 360 216 312 0
w 216 312 240 312 0
w 216 392 224 392 0
w 224 392 224 336 0
w 224 336 176 336 0
w 176 336 176 312 0
w 280 312 280 336 0
w 280 336 224 336 0
w 296 360 296 312 0
w 296 312 320 312 0
w 376 360 376 312 0
w 376 312 400 312 0
w 200 312 200 344 0
w 200 344 136 344 0
w 360 312 360 328 0
w 256 328 256 312 0
w 296 392 304 392 0
w 256 328 304 328 0
w 304 328 304 392 0
w 304 328 360 328 0
w 336 312 336 336 0
w 336 336 384 336 0
w 384 336 440 336 0
w 440 336 440 312 0
w 384 336 384 392 0
w 384 392 376 392 0
w 416 312 416 328 0
w 416 328 464 328 0
w 464 328 464 392 0
w 464 392 456 392 0
w 88 256 88 40 0
w 88 40 456 40 0
w 168 256 168 64 0
w 168 64 456 64 0
w 248 256 248 88 0
w 248 88 456 88 0
M 456 40 488 40 0 2.5
M 456 64 488 64 0 2.5
M 456 88 488 88 0 2.5
w 328 256 328 112 0
w 328 112 456 112 0
w 408 256 408 136 0
w 408 136 456 136 0
M 456 112 488 112 0 2.5
M 456 136 488 136 0 2.5
w 456 160 128 160 0
w 456 184 208 184 0
w 456 208 288 208 0
w 456 232 368 232 0
w 456 256 448 256 0
w 128 160 128 256 0
w 208 184 208 256 0
w 288 208 288 256 0
w 368 232 368 256 0
M 456 160 488 160 0 2.5
M 456 184 488 184 0 2.5
M 456 208 488 208 0 2.5
M 456 232 488 232 0 2.5
M 456 256 488 256 0 2.5
w 136 360 144 360 0
w 144 360 144 448 0
w 144 360 160 360 0
w 216 360 232 360 0
w 232 360 232 448 0
w 232 360 248 360 0
w 296 360 312 360 0
w 312 360 328 360 0
w 312 360 312 448 0
w 376 360 392 360 0
w 392 360 392 448 0
w 392 360 408 360 0
w 456 360 472 360 0
w 472 360 472 448 0
M 144 448 144 464 0 2.5
M 232 448 232 464 0 2.5
M 312 448 312 464 0 2.5
M 392 448 392 464 0 2.5
M 472 448 472 464 0 2.5


Index: 66 | Circuit Name: counter8
Circuit text:
$ 3 5.0E-6 23 50 5.0
156 88 272 104 272 1 0
156 152 272 168 272 1 0
w 152 272 144 272 0
w 144 272 144 304 0
w 144 304 152 304 0
w 136 272 136 288 0
w 136 288 152 288 0
156 216 272 232 272 1 0.0
156 280 272 296 272 1 0.0
156 344 272 352 272 1 0.0
156 408 272 424 272 1 0.0
156 472 272 488 272 1 0.0
w 200 272 200 288 0
w 200 288 216 288 0
w 264 272 264 288 0
w 264 288 280 288 0
w 328 272 328 288 0
w 328 288 344 288 0
w 392 272 392 288 0
w 392 288 408 288 0
w 456 272 456 288 0
w 456 288 472 288 0
w 216 272 208 272 0
w 208 272 208 304 0
w 208 304 216 304 0
w 280 272 272 272 0
w 272 272 272 304 0
w 272 304 280 304 0
w 344 272 336 272 0
w 336 272 336 304 0
w 336 304 344 304 0
w 408 272 400 272 0
w 400 272 400 304 0
w 400 304 408 304 0
w 472 272 464 272 0
w 464 272 464 304 0
w 464 304 472 304 0
w 144 304 144 336 0
w 208 304 208 336 0
w 144 336 208 336 0
w 208 336 272 336 0
w 272 304 272 336 0
w 272 336 336 336 0
w 336 336 400 336 0
w 400 336 464 336 0
w 464 336 464 304 0
w 400 304 400 336 0
w 336 304 336 336 0
R 88 288 32 288 1 2 1000.0 2.5 2.5
w 88 272 80 272 0
w 80 272 80 304 0
w 80 304 88 304 0
w 80 304 80 336 0
w 80 336 144 336 0
R 80 336 32 336 0 0 40.0 5.0 0.0
w 136 272 136 224 0
w 200 272 200 200 0
w 264 272 264 176 0
w 328 272 328 152 0
w 392 272 392 128 0
w 456 272 456 104 0
w 520 272 520 80 0
M 136 224 80 224 2
M 200 200 80 200 2
M 264 176 80 176 2
M 328 152 80 152 2
M 392 128 80 128 2
M 456 104 80 104 2
M 520 80 80 80 2
w 464 336 528 336 0
w 528 336 528 304 0
w 520 272 520 288 0
w 520 288 536 288 0
156 536 272 552 272 1 0.0
w 528 272 528 304 0
w 528 272 536 272 0
w 584 272 584 56 0
w 528 304 536 304 0
M 584 56 80 56 2
o 78 64 0 6 5.0 9.765625E-5 0
o 68 64 0 6 7.62939453125E-5 9.765625E-5 0
o 67 64 0 6 5.0 9.765625E-5 0
o 66 64 0 6 5.0 9.765625E-5 0
o 65 64 0 6 5.0 9.765625E-5 0
o 64 64 0 6 5.0 9.765625E-5 0
o 63 64 0 6 5.0 9.765625E-5 0
o 62 64 0 6 5.0 9.765625E-5 0


Index: 233 | Circuit Name: synccounter
Circuit text:
$ 3 5.0E-6 10 50 5.0
156 80 272 128 272 0 0.0
156 208 272 240 272 0 5.0
156 336 272 368 272 0 0.0
156 464 272 480 272 0 5.0
w 464 272 448 272 0
w 448 272 448 336 0
w 448 336 464 336 0
w 320 336 336 336 0
w 320 336 320 272 0
w 320 272 336 272 0
w 208 272 192 272 0
w 192 272 192 336 0
w 192 336 208 336 0
w 80 272 64 272 0
w 64 272 64 336 0
w 64 336 80 336 0
w 560 272 560 88 0
w 432 272 432 112 0
w 176 272 176 160 0
M 560 88 592 88 2 2.5
R 64 272 32 272 0 0 40.0 5.0 0.0
R 80 384 32 384 1 2 200.0 2.5 2.5
w 80 304 80 384 0
w 176 272 192 272 0
w 80 384 208 384 0
w 208 384 208 304 0
w 336 304 336 384 0
w 336 384 208 384 0
w 336 384 464 384 0
w 464 384 464 304 0
150 336 200 336 272 1 2 0.0
w 304 272 304 136 0
w 304 136 328 136 0
w 328 136 328 200 0
w 344 160 344 200 0
w 176 160 344 160 0
150 464 200 464 272 1 3 0.0
w 344 160 472 160 0
w 472 160 472 200 0
w 328 136 464 136 0
w 464 136 464 200 0
w 432 112 456 112 0
w 456 112 456 200 0
M 472 160 592 160 2 2.5
M 464 136 592 136 2 2.5
M 456 112 592 112 2 2.5


Index: 160 | Circuit Name: mr
Circuit text:
$ 1 2.0E-8 1.3804574186067096 52 5.0 50
m 256 144 256 288 0 100.0 16000.0 0 1.0E-8 1.0E-10
g 256 320 256 336 0
w 256 288 256 320 1
172 256 144 256 112 0 6 5.0 5.0 -5.0 0.0 0.5 Voltage
o 0 8 0 35 5.0 0.05 0 -1
o 0 8 2 35 640.0 9.765625E-5 1 -1 resistance


Index: 214 | Circuit Name: ringing
Circuit text:
$ 1 5.0E-6 4.621633621589249 50 5.0 46
w 368 128 368 192 0
w 368 272 368 320 0
w 320 272 368 272 0
w 368 272 416 272 0
w 320 192 368 192 0
w 368 192 416 192 0
l 320 192 320 272 0 0.0020 0.07708318720316419
c 416 192 416 272 0 1.264E-5 -0.22352804367929519
r 256 128 368 128 0 100.0
O 368 128 464 128 0
g 368 320 368 336 0
R 256 128 224 128 0 2 100.0 5.0 0.0 0.0 0.5
o 9 16 0 34 2.5 4.8828125E-5 0 -1


Index: 78 | Circuit Name: deccounter
Circuit text:
$ 3 5.0E-6 13 50 5.0
156 72 248 128 248 0 5.0
156 208 248 240 248 0 0.0
156 336 248 368 248 0 0.0
156 464 248 480 248 0 0.0
w 448 312 464 312 0
w 320 312 336 312 0
w 320 312 320 248 0
w 320 248 336 248 0
w 72 248 56 248 0
w 56 248 56 312 0
w 56 312 72 312 0
w 432 248 432 88 0
M 560 64 592 64 2 2.5
R 56 248 24 248 0 0 40.0 5.0 0.0
R 72 360 24 360 1 2 200.0 2.5 2.5
w 72 280 72 360 0
w 72 360 208 360 0
w 208 360 208 280 0
w 336 280 336 360 0
w 336 360 208 360 0
w 336 360 464 360 0
w 464 360 464 280 0
150 336 176 336 248 1 2 0.0
w 304 248 304 112 0
w 304 112 328 112 0
w 328 112 328 176 0
w 344 136 344 176 0
w 168 136 344 136 0
150 464 176 464 248 1 3 0.0
w 344 136 472 136 0
w 472 136 472 176 0
w 328 112 464 112 0
w 464 112 464 176 0
w 432 88 456 88 0
w 456 88 456 176 0
M 464 112 592 112 2 2.5
M 456 88 592 88 2 2.5
150 192 176 240 176 1 2 5.0
w 240 176 240 216 0
w 208 216 208 248 0
w 208 216 240 216 0
w 168 248 168 168 0
w 168 168 192 168 0
w 168 136 168 168 0
w 560 312 560 384 0
w 560 384 184 384 0
w 184 384 184 184 0
w 184 184 192 184 0
w 200 248 208 248 0
w 200 248 200 312 0
w 200 312 208 312 0
150 512 160 512 208 1 2 0.0
w 472 136 504 136 0
w 504 136 504 160 0
w 560 64 560 160 0
w 560 160 520 160 0
w 560 160 560 248 0
w 512 208 584 208 0
w 584 208 584 344 0
w 584 344 448 344 0
w 448 344 448 312 0
M 504 136 592 136 2 2.5
o 12 64 0 6 5.0 9.765625E-5 0
o 36 64 0 6 5.0 9.765625E-5 0
o 35 64 0 6 5.0 9.765625E-5 0
o 61 64 0 6 5.0 9.765625E-5 0



================ USER QUERY ================
give me johnson counter

================ INSTRUCTIONS ================
1. If the user provides **circuit specifications or parameter values**, update the corresponding parameter values in the RAG-generated Falstad circuit text **so that the circuit behaves according to the user’s request**.  
   - Do NOT modify the circuit’s components, layout coordinates, or topology. Only update the parameter values.

2. If the user does **not** provide any specific parameters, simply return the original RAG-generated circuit text.

3. If the user asks a **non-circuit-related** question, do NOT answer it. Instead, politely respond that only circuit design–related questions are supported.

4. Absolutely do NOT:
   - Mention that this system uses RAG, retrievals, cosine similarity, ranking methods, or any internal process.
   - Reveal intermediate reasoning steps, model details, or source text origins.
   - Generate or "hallucinate" new circuits that are not part of the RAG results.

================ OUTPUT FORMAT ================
Return **only**:
- The final Falstad circuit text (after modifications, if applicable), and  
- A concise, relevant answer if the user’s question is related to circuits or electronics.
